Classification Report:
              precision    recall  f1-score   support

           0       0.93      0.95      0.94       445
           1       0.97      0.96      0.97       444
           2       0.88      0.88      0.88       422
           3       0.89      0.87      0.88       388
           4       0.90      0.93      0.92       361
           5       0.91      0.92      0.91       322
           6       0.88      0.85      0.87       383
           7       0.97      0.97      0.97       466
           8       0.89      0.90      0.89       384
           9       0.98      0.98      0.98       435

    accuracy                           0.92      4050
   macro avg       0.92      0.92      0.92      4050
weighted avg       0.92      0.92      0.92      4050
